1024
1036
1049
1062
1075
1088
1101
1113
1126
1139
1152
1165
1177
1190
1203
1215
1228
1241
1253
1266
1278
1291
1303
1315
1328
1340
1352
1364
1376
1388
1400
1412
1424
1436
1448
1459
1471
1483
1494
1506
1517
1528
1539
1550
1561
1572
1583
1594
1604
1615
1625
1636
1646
1656
1666
1676
1686
1696
1705
1715
1724
1734
1743
1752
1761
1770
1779
1787
1796
1804
1813
1821
1829
1837
1844
1852
1859
1867
1874
1881
1888
1895
1902
1908
1915
1921
1927
1933
1939
1944
1950
1955
1961
1966
1971
1976
1980
1985
1989
1993
1997
2001
2005
2009
2012
2015
2018
2021
2024
2027
2029
2032
2034
2036
2038
2039
2041
2042
2044
2045
2045
2046
2047
2047
2047
2048
2047
2047
2047
2046
2045
2045
2044
2042
2041
2039
2038
2036
2034
2032
2029
2027
2024
2021
2018
2015
2012
2009
2005
2001
1997
1993
1989
1985
1980
1976
1971
1966
1961
1955
1950
1944
1939
1933
1927
1921
1915
1908
1902
1895
1888
1881
1874
1867
1859
1852
1844
1837
1829
1821
1813
1804
1796
1787
1779
1770
1761
1752
1743
1734
1724
1715
1705
1696
1686
1676
1666
1656
1646
1636
1625
1615
1604
1594
1583
1572
1561
1550
1539
1528
1517
1506
1494
1483
1471
1459
1448
1436
1424
1412
1400
1388
1376
1364
1352
1340
1328
1315
1303
1291
1278
1266
1253
1241
1228
1215
1203
1190
1177
1165
1152
1139
1126
1113
1101
1088
1075
1062
1049
1036
1024
1011
998
985
972
959
946
934
921
908
895
882
870
857
844
832
819
806
794
781
769
756
744
732
719
707
695
683
671
659
647
635
623
611
599
588
576
564
553
541
530
519
508
497
486
475
464
453
443
432
422
411
401
391
381
371
361
351
342
332
323
313
304
295
286
277
268
260
251
243
234
226
218
210
203
195
188
180
173
166
159
152
145
139
132
126
120
114
108
103
97
92
86
81
76
71
67
62
58
54
50
46
42
38
35
32
29
26
23
20
18
15
13
11
9
8
6
5
3
2
2
1
0
0
0
0
0
0
0
1
2
2
3
5
6
8
9
11
13
15
18
20
23
26
29
32
35
38
42
46
50
54
58
62
67
71
76
81
86
92
97
103
108
114
120
126
132
139
145
152
159
166
173
180
188
195
203
210
218
226
234
243
251
260
268
277
286
295
304
313
323
332
342
351
361
371
381
391
401
411
422
432
443
453
464
475
486
497
508
519
530
541
553
564
576
588
599
611
623
635
647
659
671
683
695
707
719
732
744
756
769
781
794
806
819
832
844
857
870
882
895
908
921
934
946
959
972
985
998
1011
1023
1036
1049
1062
1075
1088
1101
1113
1126
1139
1152
1165
1177
1190
1203
1215
1228
1241
1253
1266
1278
1291
1303
1315
1328
1340
1352
1364
1376
1388
1400
1412
1424
1436
1448
1459
1471
1483
1494
1506
1517
1528
1539
1550
1561
1572
1583
1594
1604
1615
1625
1636
1646
1656
1666
1676
1686
1696
1705
1715
1724
1734
1743
1752
1761
1770
1779
1787
1796
1804
1813
1821
1829
1837
1844
1852
1859
1867
1874
1881
1888
1895
1902
1908
1915
1921
1927
1933
1939
1944
1950
1955
1961
1966
1971
1976
1980
1985
1989
1993
1997
2001
2005
2009
2012
2015
2018
2021
2024
2027
2029
2032
2034
2036
2038
2039
2041
2042
2044
2045
2045
2046
2047
2047
2047
2048
2047
2047
2047
2046
2045
2045
2044
2042
2041
2039
2038
2036
2034
2032
2029
2027
2024
2021
2018
2015
2012
2009
2005
2001
1997
1993
1989
1985
1980
1976
1971
1966
1961
1955
1950
1944
1939
1933
1927
1921
1915
1908
1902
1895
1888
1881
1874
1867
1859
1852
1844
1837
1829
1821
1813
1804
1796
1787
1779
1770
1761
1752
1743
1734
1724
1715
1705
1696
1686
1676
1666
1656
1646
1636
1625
1615
1604
1594
1583
1572
1561
1550
1539
1528
1517
1506
1494
1483
1471
1459
1448
1436
1424
1412
1400
1388
1376
1364
1352
1340
1328
1315
1303
1291
1278
1266
1253
1241
1228
1215
1203
1190
1177
1165
1152
1139
1126
1113
1101
1088
1075
1062
1049
1036
1024
1011
998
985
972
959
946
934
921
908
895
882
870
857
844
832
819
806
794
781
769
756
744
732
719
707
695
683
671
659
647
635
623
611
599
588
576
564
553
541
530
519
508
497
486
475
464
453
443
432
422
411
401
391
381
371
361
351
342
332
323
313
304
295
286
277
268
260
251
243
234
226
218
210
203
195
188
180
173
166
159
152
145
139
132
126
120
114
108
103
97
92
86
81
76
71
67
62
58
54
50
46
42
38
35
32
29
26
23
20
18
15
13
11
9
8
6
5
3
2
2
1
0
0
0
0
0
0
0
1
2
2
3
5
6
8
9
11
13
15
18
20
23
26
29
32
35
38
42
46
50
54
58
62
67
71
76
81
86
92
97
103
108
114
120
126
132
139
145
152
159
166
173
180
188
195
203
210
218
226
234
243
251
260
268
277
286
295
304
313
323
332
342
351
361
371
381
391
401
411
422
432
443
453
464
475
486
497
508
519
530
541
553
564
576
588
599
611
623
635
647
659
671
683
695
707
719
732
744
756
769
781
794
806
819
832
844
857
870
882
895
908
921
934
946
959
972
985
998
1011
